mean fitness        [-0.9, -0.7, -0.5, -0.3, -0.1, 0.1, 0.3, 0.5, 0.7, 0.9]

Originally Positive
Positive            [0.19, 0.41, 0.54, 0.68, 0.61, 0.74, 0.55, 0.68, 0.71, nan]
Negative            [0.53, 0.2, 0.36, 0.22, 0.27, 0.14, 0.32, 0.22, 0.16, nan]
No                  [0.11, 0.13, 0.06, 0.03, 0.03, 0.06, 0.06, 0.06, 0.05, nan]
Single Sign         [0.14, 0.09, 0.04, 0.07, 0.06, 0.05, 0.05, 0.02, 0.06, nan]
Reciprocal Sign     [0.03, 0.18, 0.0, 0.0, 0.02, 0.01, 0.02, 0.02, 0.01, nan]

Originally Negative
Positive            [0.09, 0.33, 0.18, 0.18, 0.19, 0.13, 0.12, 0.24, 0.42, nan]
Negative            [0.56, 0.33, 0.71, 0.73, 0.7, 0.78, 0.8, 0.68, 0.43, nan]
No                  [0.12, 0.12, 0.07, 0.05, 0.08, 0.06, 0.05, 0.05, 0.11, nan]
Single Sign         [0.11, 0.06, 0.02, 0.02, 0.01, 0.01, 0.02, 0.02, 0.02, nan]
Reciprocal Sign     [0.11, 0.17, 0.01, 0.02, 0.02, 0.02, 0.01, 0.01, 0.02, nan]

Originally No
Positive            [0.05, 0.41, 0.41, 0.37, 0.43, 0.2, 0.32, 0.48, 0.43, nan]
Negative            [0.5, 0.24, 0.41, 0.49, 0.43, 0.52, 0.59, 0.43, 0.4, nan]
No                  [0.18, 0.1, 0.1, 0.1, 0.09, 0.25, 0.05, 0.04, 0.09, nan]
Single Sign         [0.23, 0.07, 0.08, 0.04, 0.02, 0.03, 0.05, 0.04, 0.04, nan]
Reciprocal Sign     [0.05, 0.18, 0.0, 0.0, 0.03, 0.01, 0.0, 0.0, 0.04, nan]

Originally Single Sign
Positive            [0.18, 0.35, 0.53, 0.47, 0.2, 0.31, 0.25, 0.33, 0.42, nan]
Negative            [0.71, 0.25, 0.36, 0.33, 0.31, 0.15, 0.5, 0.17, 0.36, nan]
No                  [0.06, 0.07, 0.0, 0.02, 0.09, 0.11, 0.25, 0.42, 0.06, nan]
Single Sign         [0.06, 0.23, 0.11, 0.17, 0.38, 0.43, 0.0, 0.08, 0.06, nan]
Reciprocal Sign     [0.0, 0.1, 0.0, 0.0, 0.02, 0.0, 0.0, 0.0, 0.11, nan]

Originally Reciprocal Sign
Positive            [0.0, 0.47, 0.0, 0.33, 0.39, 0.0, 0.0, 0.2, 0.07, nan]
Negative            [0.6, 0.13, 0.0, 0.0, 0.11, 0.0, 0.0, 0.2, 0.33, nan]
No                  [0.0, 0.17, 0.0, 0.0, 0.0, 0.0, 0.0, 0.0, 0.0, nan]
Single Sign         [0.2, 0.03, 0.33, 0.47, 0.17, 0.13, 0.33, 0.2, 0.2, nan]
Reciprocal Sign     [0.2, 0.2, 0.0, 0.2, 0.0, 0.87, 0.67, 0.4, 0.4, nan]
