mean fitness        [-0.9, -0.7, -0.5, -0.3, -0.1, 0.1, 0.3, 0.5, 0.7, 0.9]

Originally Positive
Positive            [0.07, 0.3, 0.24, 0.33, 0.45, 0.7, 0.57, 0.47, 0.67, nan]
Negative            [0.64, 0.31, 0.61, 0.51, 0.41, 0.15, 0.23, 0.42, 0.17, nan]
No                  [0.11, 0.12, 0.11, 0.07, 0.09, 0.1, 0.15, 0.08, 0.1, nan]
Single Sign         [0.13, 0.12, 0.0, 0.07, 0.05, 0.04, 0.05, 0.01, 0.05, nan]
Reciprocal Sign     [0.05, 0.14, 0.04, 0.02, 0.01, 0.01, 0.0, 0.02, 0.01, nan]

Originally Negative
Positive            [0.07, 0.23, 0.1, 0.17, 0.09, 0.2, 0.3, 0.28, 0.44, nan]
Negative            [0.65, 0.34, 0.75, 0.69, 0.83, 0.68, 0.54, 0.6, 0.37, nan]
No                  [0.09, 0.14, 0.06, 0.08, 0.05, 0.07, 0.09, 0.08, 0.12, nan]
Single Sign         [0.11, 0.11, 0.0, 0.03, 0.01, 0.03, 0.06, 0.01, 0.04, nan]
Reciprocal Sign     [0.09, 0.18, 0.09, 0.04, 0.03, 0.01, 0.02, 0.04, 0.03, nan]

Originally No
Positive            [0.05, 0.4, 0.09, 0.26, 0.12, 0.37, 0.28, 0.35, 0.53, nan]
Negative            [0.68, 0.27, 0.78, 0.47, 0.64, 0.38, 0.28, 0.5, 0.3, nan]
No                  [0.15, 0.15, 0.13, 0.21, 0.18, 0.16, 0.22, 0.09, 0.08, nan]
Single Sign         [0.08, 0.05, 0.0, 0.03, 0.05, 0.06, 0.17, 0.05, 0.08, nan]
Reciprocal Sign     [0.05, 0.12, 0.0, 0.02, 0.02, 0.03, 0.06, 0.01, 0.02, nan]

Originally Single Sign
Positive            [0.11, 0.28, 0.13, 0.37, 0.29, 0.3, 0.31, 0.12, 0.55, nan]
Negative            [0.73, 0.2, 0.6, 0.22, 0.21, 0.17, 0.25, 0.72, 0.31, nan]
No                  [0.08, 0.17, 0.27, 0.31, 0.08, 0.13, 0.25, 0.05, 0.03, nan]
Single Sign         [0.05, 0.16, 0.0, 0.03, 0.42, 0.37, 0.19, 0.09, 0.12, nan]
Reciprocal Sign     [0.03, 0.19, 0.0, 0.06, 0.0, 0.03, 0.0, 0.02, 0.0, nan]

Originally Reciprocal Sign
Positive            [0.0, 0.2, 0.12, 0.0, 0.0, 0.17, 0.0, 0.23, 0.61, nan]
Negative            [0.6, 0.27, 0.75, 0.94, 0.47, 0.19, 1.0, 0.56, 0.39, nan]
No                  [0.15, 0.1, 0.0, 0.0, 0.07, 0.07, 0.0, 0.1, 0.0, nan]
Single Sign         [0.1, 0.12, 0.0, 0.0, 0.0, 0.0, 0.0, 0.08, 0.0, nan]
Reciprocal Sign     [0.15, 0.3, 0.12, 0.06, 0.46, 0.57, 0.0, 0.03, 0.0, nan]
