mean fitness        [-0.9, -0.7, -0.5, -0.3, -0.1, 0.1, 0.3, 0.5, 0.7, 0.9]

Originally Positive
Positive            [nan, 0.23, 0.81, 0.6, 0.44, 0.52, nan, 0.43, 0.63, 0.46]
Negative            [nan, 0.39, 0.08, 0.24, 0.37, 0.26, nan, 0.4, 0.22, 0.41]
No                  [nan, 0.14, 0.09, 0.08, 0.13, 0.16, nan, 0.13, 0.05, 0.11]
Single Sign         [nan, 0.06, 0.0, 0.08, 0.06, 0.05, nan, 0.05, 0.09, 0.02]
Reciprocal Sign     [nan, 0.18, 0.02, 0.0, 0.0, 0.01, nan, 0.0, 0.02, 0.0]

Originally Negative
Positive            [nan, 0.2, 0.83, 0.52, 0.14, 0.24, nan, 0.2, 0.35, 0.31]
Negative            [nan, 0.39, 0.05, 0.32, 0.74, 0.62, nan, 0.66, 0.46, 0.56]
No                  [nan, 0.17, 0.08, 0.09, 0.07, 0.09, nan, 0.08, 0.11, 0.09]
Single Sign         [nan, 0.09, 0.0, 0.08, 0.02, 0.02, nan, 0.03, 0.03, 0.01]
Reciprocal Sign     [nan, 0.16, 0.03, 0.0, 0.03, 0.03, nan, 0.02, 0.05, 0.03]

Originally No
Positive            [nan, 0.24, 0.9, 0.57, 0.19, 0.3, nan, 0.31, 0.39, 0.3]
Negative            [nan, 0.31, 0.05, 0.19, 0.57, 0.42, nan, 0.56, 0.31, 0.54]
No                  [nan, 0.2, 0.05, 0.08, 0.13, 0.21, nan, 0.03, 0.12, 0.09]
Single Sign         [nan, 0.05, 0.0, 0.14, 0.1, 0.06, nan, 0.06, 0.17, 0.05]
Reciprocal Sign     [nan, 0.2, 0.0, 0.03, 0.01, 0.01, nan, 0.03, 0.0, 0.01]

Originally Single Sign
Positive            [nan, 0.17, 0.84, 0.33, 0.21, 0.25, nan, 0.13, 0.38, 0.2]
Negative            [nan, 0.51, 0.05, 0.47, 0.35, 0.35, nan, 0.47, 0.19, 0.53]
No                  [nan, 0.18, 0.05, 0.07, 0.11, 0.14, nan, 0.0, 0.16, 0.1]
Single Sign         [nan, 0.02, 0.0, 0.13, 0.26, 0.23, nan, 0.33, 0.26, 0.1]
Reciprocal Sign     [nan, 0.13, 0.05, 0.0, 0.06, 0.03, nan, 0.07, 0.0, 0.07]

Originally Reciprocal Sign
Positive            [nan, 0.22, 0.94, 0.75, 0.11, 0.17, nan, 0.0, 0.23, 0.03]
Negative            [nan, 0.33, 0.0, 0.0, 0.43, 0.44, nan, 0.53, 0.39, 0.47]
No                  [nan, 0.14, 0.0, 0.12, 0.05, 0.07, nan, 0.27, 0.15, 0.12]
Single Sign         [nan, 0.11, 0.0, 0.06, 0.07, 0.04, nan, 0.07, 0.03, 0.03]
Reciprocal Sign     [nan, 0.19, 0.06, 0.06, 0.35, 0.29, nan, 0.13, 0.2, 0.34]
