mean fitness        [-0.9, -0.7, -0.5, -0.3, -0.1, 0.1, 0.3, 0.5, 0.7, 0.9]

Originally Positive
Positive            [1.0, 0.98, 1.0, 0.69, 0.66, 0.46, 0.15, 0.12, 0.13, nan]
Negative            [0.0, 0.0, 0.0, 0.17, 0.16, 0.4, 0.81, 0.87, 0.84, nan]
No                  [0.0, 0.0, 0.0, 0.05, 0.08, 0.08, 0.02, 0.0, 0.01, nan]
Single Sign         [0.0, 0.02, 0.0, 0.08, 0.1, 0.05, 0.01, 0.0, 0.0, nan]
Reciprocal Sign     [0.0, 0.0, 0.0, 0.0, 0.01, 0.01, 0.01, 0.0, 0.02, nan]

Originally Negative
Positive            [1.0, 0.97, 1.0, 0.26, 0.3, 0.08, 0.01, 0.07, 0.1, nan]
Negative            [0.0, 0.01, 0.0, 0.65, 0.61, 0.87, 0.99, 0.92, 0.86, nan]
No                  [0.0, 0.0, 0.0, 0.03, 0.04, 0.03, 0.0, 0.01, 0.01, nan]
Single Sign         [0.0, 0.01, 0.0, 0.04, 0.03, 0.0, 0.0, 0.0, 0.0, nan]
Reciprocal Sign     [0.0, 0.0, 0.0, 0.01, 0.01, 0.02, 0.0, 0.01, 0.03, nan]

Originally No
Positive            [1.0, 0.99, 1.0, 0.59, 0.48, 0.22, 0.05, 0.0, 0.01, nan]
Negative            [0.0, 0.0, 0.0, 0.06, 0.15, 0.63, 0.93, 1.0, 0.98, nan]
No                  [0.0, 0.0, 0.0, 0.1, 0.13, 0.14, 0.0, 0.0, 0.0, nan]
Single Sign         [0.0, 0.01, 0.0, 0.25, 0.24, 0.02, 0.0, 0.0, 0.0, nan]
Reciprocal Sign     [0.0, 0.0, 0.0, 0.0, 0.0, 0.0, 0.03, 0.0, 0.01, nan]

Originally Single Sign
Positive            [1.0, 1.0, 1.0, 0.31, 0.33, 0.36, 0.08, 0.0, 0.02, nan]
Negative            [0.0, 0.0, 0.0, 0.02, 0.09, 0.35, 0.92, 1.0, 0.95, nan]
No                  [0.0, 0.0, 0.0, 0.07, 0.02, 0.12, 0.0, 0.0, 0.0, nan]
Single Sign         [0.0, 0.0, 0.0, 0.56, 0.51, 0.17, 0.0, 0.0, 0.0, nan]
Reciprocal Sign     [0.0, 0.0, 0.0, 0.03, 0.05, 0.0, 0.0, 0.0, 0.02, nan]

Originally Reciprocal Sign
Positive            [1.0, 1.0, 1.0, 0.0, 0.27, 0.14, 0.06, 0.19, 0.24, nan]
Negative            [0.0, 0.0, 0.0, 0.23, 0.11, 0.17, 0.5, 0.5, 0.57, nan]
No                  [0.0, 0.0, 0.0, 0.0, 0.0, 0.0, 0.0, 0.08, 0.0, nan]
Single Sign         [0.0, 0.0, 0.0, 0.04, 0.05, 0.1, 0.11, 0.04, 0.0, nan]
Reciprocal Sign     [0.0, 0.0, 0.0, 0.74, 0.58, 0.59, 0.33, 0.19, 0.19, nan]
